i 2 13 4 8 2 8 1 10 4 5 5 4 3 7 1 11 3 13 4 7 1 1 4 6 4 2 3 6 3 4 4 4 3 2 4 3 1 8 3 11 3 8 2 1 2 5 3 9 2 4 1 7 4 13 1 9 4 12 4 11 3 5 1 6 4 9 3 1 2 3 1 12 2 7 1 5 2 9 3 3 1 2 2 11 2 12 2 2 4 1 1 13 1 4 3 12 1 3 3 10 4 10 2 6 2 10
d 8
d 7
d 6
d 6
d 8
d 1
d 5
d 8
d 2
d 3
d 3
d 0
d 2
d 0
d 4
d 3
d 5
d 1
d 5
d 0
d 3
d 0
d 8
d 7
d 0
d 8
d 2
d 0
d 0
d 6
d 3
d 4
d 6
d 3
d 0
d 7
d 8
d 1
d 1
d 4
d 2
d 5
d 6
d 0
d 8
d 4
d 0
d 3
d 9
d 7
d 1
d 4
d 7
d 2
d 6
d 7
d 6
d 0
d 7
d 5
d 6
i 3 7 1 9 4 10 2 8 4 12 1 8 2 2 1 3 1 5 4 7 1 10 2 11 5 6 3 1 1 13 2 1 4 13 3 10 3 6 3 9 1 4 2 10 2 7 3 13 3 12 4 5 4 9 4 6 2 9 2 4 2 5 1 2 3 4 4 2 4 11 4 4 2 3 1 7 2 13 3 8 4 8 4 1 3 3 3 11 1 6 2 12 1 11 3 5 1 1 3 2 2 6 1 12 4 3
d 7
d 2
d 5
d 9
d 6
d 0
d 4
d 1
d 2
d 9
d 3
d 8
d 3
d 2
d 5
d 5
d 8
d 5
d 9
d 3
d 2
d 5
d 3
d 8
d 8
d 1
d 9
d 9
d 5
d 6
d 3
d 0
d 4
d 4
d 4
d 8
d 2
d 6
d 5
d 0
d 2
d 9
d 1
d 4
d 2
d 8
d 1
d 5
d 3
d 4
d 5
d 6
d 3
d 7
d 8
d 1
d 8
d 5
d 4
d 3
d 3
i 4 4 3 1 2 5 1 1 1 3 1 6 3 11 2 1 4 10 3 9 1 4 2 3 4 13 3 3 2 9 1 13 4 2 1 10 1 9 3 6 2 13 1 11 3 7 3 8 4 7 2 12 1 12 4 3 2 8 4 9 2 4 5 0 2 7 1 2 3 2 2 6 1 8 2 11 2 2 3 10 1 7 1 5 3 4 3 5 4 12 4 11 2 10 3 13 4 6 4 1 4 8 4 5 3 12
d 7
d 5
d 5
d 4
d 5
d 0
d 1
d 5
d 9
d 9
d 3
d 1
d 6
d 0
d 6
d 8
d 3
d 7
d 9
d 5
d 4
d 0
d 6
d 0
d 0
d 5
d 0
d 8
d 7
d 3
d 6
d 0
d 3
d 8
d 5
d 3
d 1
d 9
d 0
d 9
d 7
d 4
d 9
d 8
d 7
d 0
d 9
d 3
d 0
d 2
d 0
d 8
d 9
d 5
d 7
d 5
d 6
d 1
d 9
d 2
d 6
i 2 10 3 5 1 1 3 3 1 5 1 12 1 3 3 12 2 5 4 2 3 4 3 1 2 1 3 10 2 11 4 4 3 13 3 9 2 6 4 9 1 13 4 11 4 10 4 12 3 8 1 6 2 9 3 6 1 9 1 11 3 7 2 7 5 2 4 13 2 3 3 11 1 10 2 4 2 13 1 2 2 2 1 8 4 7 2 12 4 3 4 6 4 5 1 4 1 7 4 8 3 2 4 1 2 8
d 1
d 7
d 1
d 6
d 3
d 8
d 0
d 2
d 7
d 5
d 6
d 6
d 7
d 9
d 3
d 6
d 8
d 5
d 5
d 9
d 2
d 4
d 0
d 7
d 4
d 8
d 9
d 3
d 6
d 7
d 7
d 8
d 6
d 1
d 8
d 8
d 1
d 0
d 5
d 1
d 8
d 6
d 8
d 4
d 2
d 6
d 6
d 9
d 2
d 7
d 2
d 9
d 1
d 8
d 0
d 5
d 8
d 8
d 7
d 5
d 2
i 2 12 1 13 1 12 4 10 1 1 2 6 3 5 1 4 3 11 1 9 4 6 3 10 1 7 1 11 4 1 3 9 4 2 3 4 1 2 3 13 1 5 3 6 2 7 2 9 4 5 2 10 1 3 4 13 3 12 4 8 3 8 1 6 2 8 2 5 3 3 2 2 3 1 3 2 4 11 2 4 2 13 2 11 4 7 1 8 4 12 2 3 3 7 4 4 4 9 1 10 5 10 2 1 4 3
d 2
d 8
d 6
d 7
d 8
d 3
d 1
d 3
d 3
d 9
d 2
d 7
d 9
d 8
d 3
d 7
d 9
d 4
d 2
d 7
d 7
d 6
d 1
d 6
d 5
d 6
d 3
d 5
d 1
d 4
d 6
d 4
d 0
d 0
d 6
d 3
d 6
d 2
d 8
d 6
d 1
d 8
d 3
d 9
d 6
d 8
d 0
d 1
d 1
d 1
d 9
d 1
d 6
d 7
d 5
d 5
d 4
d 2
d 2
d 3
d 1
