i 4 1 2 4 4 3 5 12 3 9 2 10 2 9 1 2 3 5 1 10 2 5 1 8 1 5 2 13 4 10 3 11 2 11 2 12 1 12 1 1 4 9 4 2 4 8 3 6 1 7 4 13 2 8 2 6 3 4 1 13 4 7 2 2 3 2 2 3 1 9 1 11 3 8 3 13 4 4 3 1 1 6 4 6 4 12 3 12 4 5 2 1 3 7 2 7 3 10 3 3 4 11 1 4 1 3
d 2
d 3
d 6
d 7
d 9
d 2
d 7
d 5
d 8
d 0
d 7
d 1
d 6
d 7
d 6
d 6
d 0
d 5
d 1
d 2
d 4
d 8
d 9
d 1
d 2
d 2
d 6
d 1
d 9
d 0
d 6
d 4
d 4
d 3
d 0
d 0
d 4
d 3
d 3
d 8
d 5
d 0
d 1
d 2
d 9
d 8
d 1
d 0
d 7
d 0
d 7
d 8
d 1
d 1
d 7
d 1
d 9
d 5
d 5
d 6
d 6
i 4 5 3 5 2 11 3 9 4 12 1 7 2 4 3 3 1 3 2 5 3 8 1 10 2 8 1 11 4 6 4 1 4 3 2 2 3 1 4 9 2 9 4 10 5 1 1 6 1 4 1 13 3 6 2 13 1 12 2 6 2 1 1 2 2 7 3 4 3 2 1 1 1 9 4 11 3 11 1 8 4 7 3 12 3 13 4 8 2 12 3 10 3 7 4 4 2 3 4 13 2 10 1 5 4 2
d 0
d 6
d 9
d 8
d 9
d 4
d 2
d 3
d 6
d 6
d 0
d 3
d 8
d 3
d 9
d 7
d 3
d 4
d 6
d 8
d 1
d 0
d 7
d 3
d 5
d 2
d 1
d 3
d 0
d 1
d 7
d 1
d 4
d 3
d 4
d 4
d 0
d 0
d 8
d 7
d 7
d 2
d 2
d 9
d 0
d 3
d 5
d 3
d 6
d 0
d 2
d 8
d 2
d 2
d 5
d 9
d 5
d 3
d 0
d 0
d 7
i 1 5 4 13 5 8 4 5 2 9 3 9 2 1 4 10 3 10 3 3 3 1 1 4 1 9 4 11 1 10 3 4 4 8 2 13 3 13 2 6 1 3 2 11 1 11 3 11 2 3 4 7 3 2 4 12 1 2 2 5 4 1 3 8 1 13 1 8 4 2 3 7 2 10 2 12 2 8 4 4 3 6 4 6 3 12 1 7 1 6 3 5 1 12 2 7 2 2 2 4 1 1 4 9 4 3
d 0
d 6
d 9
d 2
d 4
d 1
d 1
d 5
d 0
d 5
d 1
d 7
d 8
d 9
d 9
d 2
d 0
d 2
d 5
d 3
d 1
d 1
d 6
d 8
d 2
d 6
d 8
d 1
d 6
d 4
d 5
d 1
d 7
d 6
d 8
d 7
d 8
d 7
d 4
d 0
d 7
d 1
d 5
d 3
d 8
d 9
d 3
d 9
d 8
d 6
d 3
d 7
d 7
d 8
d 4
d 9
d 3
d 2
d 8
d 4
d 2
i 4 8 1 12 2 13 3 6 2 2 3 10 2 8 3 11 5 11 4 13 3 3 1 4 2 9 2 5 2 6 4 5 1 11 3 1 3 4 1 5 3 2 4 12 4 4 2 1 1 1 2 4 3 7 2 12 2 7 3 13 1 13 4 1 4 10 2 10 4 7 1 10 4 2 1 3 4 3 1 2 3 12 1 7 3 8 2 3 2 11 4 11 4 9 3 5 1 8 1 6 4 6 1 9 3 9
d 5
d 3
d 5
d 6
d 0
d 9
d 5
d 9
d 0
d 2
d 1
d 0
d 8
d 3
d 0
d 5
d 1
d 2
d 1
d 8
d 4
d 4
d 0
d 1
d 3
d 7
d 7
d 0
d 9
d 0
d 9
d 1
d 7
d 3
d 0
d 3
d 2
d 9
d 8
d 6
d 4
d 8
d 1
d 8
d 1
d 7
d 7
d 0
d 4
d 3
d 2
d 0
d 5
d 7
d 2
d 0
d 0
d 5
d 9
d 2
d 0
i 4 7 4 10 1 13 2 6 2 11 1 12 3 11 4 3 2 1 4 9 3 3 2 3 1 4 3 13 3 9 4 5 1 1 1 6 2 8 4 11 4 12 3 7 3 8 1 11 2 12 3 6 4 1 3 10 1 2 2 2 1 3 3 2 4 4 3 1 1 8 3 5 2 13 3 4 2 9 2 10 1 7 2 5 4 8 4 13 1 10 1 5 2 7 4 6 2 4 1 9 4 2 5 3 3 12
d 5
d 7
d 1
d 8
d 2
d 6
d 9
d 4
d 9
d 6
d 2
d 7
d 3
d 2
d 6
d 5
d 4
d 1
d 8
d 2
d 9
d 5
d 2
d 1
d 8
d 5
d 9
d 8
d 4
d 8
d 1
d 6
d 3
d 9
d 2
d 4
d 5
d 5
d 1
d 8
d 6
d 2
d 1
d 7
d 7
d 8
d 7
d 3
d 5
d 2
d 1
d 2
d 3
d 6
d 8
d 9
d 3
d 9
d 1
d 1
d 3
